sample	cancer_type	program	ms	nc_ms	indel	total_mut	C_A	C_T	C_G	T_A	T_C	T_G
TCGA-BR-4201-01A	STAD	TCGA	MSI	NA	432	1415	0.0763250883392226	0.717314487632509	0.00848056537102473	0.0204946996466431	0.16113074204947	0.0162544169611307
TCGA-RD-A8NB-01A	STAD	TCGA	MSI	NA	122	705	0.109219858156028	0.652482269503546	0.0127659574468085	0.0198581560283688	0.178723404255319	0.0269503546099291
TCGA-VQ-A8PP-01A	STAD	TCGA	MSI	NA	384	1507	0.0988719309887193	0.574651625746516	0.006635700066357	0.0245520902455209	0.243530192435302	0.0517584605175846
TCGA-BR-4362-01A	STAD	TCGA	MSI	NA	413	1591	0.0760527969830295	0.602137020741672	0.0144563167818982	0.0295411690760528	0.213073538654934	0.0647391577624136
TCGA-HU-A4H4-01A	STAD	TCGA	MSI	NA	103	724	0.120165745856354	0.412983425414365	0.0151933701657459	0.0386740331491713	0.332872928176796	0.0801104972375691
TCGA-BR-A4QL-01A	STAD	TCGA	MSI	NA	533	1857	0.078082929456112	0.720516962843296	0.0140010770059235	0.0253096392030156	0.135702746365105	0.0263866451265482
TCGA-CG-4460-01A	STAD	TCGA	MSI	NA	361	2063	0.0678623364032962	0.782840523509452	0.0135724672806592	0.0145419292292778	0.099369849733398	0.0218128938439166
TCGA-BR-7707-01A	STAD	TCGA	MSI	NA	278	1426	0.0932678821879383	0.623422159887798	0.0105189340813464	0.0203366058906031	0.214586255259467	0.0378681626928471
TCGA-BR-4368-01A	STAD	TCGA	MSI	NA	328	1357	0.0847457627118644	0.713338246131172	0.0117907148120855	0.0184229918938836	0.158437730287399	0.0132645541635962
TCGA-HU-A4GN-01A	STAD	TCGA	MSI	NA	287	1225	0.117551020408163	0.677551020408163	0.0122448979591837	0.0171428571428571	0.151020408163265	0.0244897959183673
TCGA-D7-A6EY-01A	STAD	TCGA	MSI	NA	324	1495	0.0976588628762542	0.499665551839465	0.00936454849498328	0.0695652173913043	0.254180602006689	0.0695652173913043
TCGA-D7-A4YV-01A	STAD	TCGA	MSI	NA	215	965	0.100518134715026	0.735751295336788	0.016580310880829	0.0217616580310881	0.0984455958549223	0.0269430051813472
TCGA-BR-8081-01A	STAD	TCGA	MSI	NA	189	1022	0.120352250489237	0.681996086105675	0.00880626223091976	0.0215264187866928	0.135029354207436	0.0322896281800391
TCGA-VQ-A8PX-01A	STAD	TCGA	MSI	NA	154	654	0.102446483180428	0.431192660550459	0.0107033639143731	0.036697247706422	0.350152905198777	0.0688073394495413
TCGA-HU-A4GU-01A	STAD	TCGA	MSI	NA	264	1683	0.155674390968509	0.641711229946524	0.0106951871657754	0.0190136660724896	0.112299465240642	0.0606060606060606
TCGA-CG-4465-01A	STAD	TCGA	MSI	NA	192	643	0.143079315707621	0.564541213063764	0.0233281493001555	0.0202177293934681	0.200622083981337	0.0482115085536547
TCGA-VQ-A91E-01A	STAD	TCGA	MSI	NA	182	816	0.107843137254902	0.511029411764706	0.00612745098039216	0.0257352941176471	0.3125	0.0367647058823529
TCGA-CG-5728-01A	STAD	TCGA	MSI	NA	435	1403	0.0969351389878831	0.642195295794726	0.0185317177476835	0.0199572344975053	0.189593727726301	0.0327868852459016
TCGA-BR-4370-01A	STAD	TCGA	MSI	NA	273	1145	0.0873362445414847	0.762445414847162	0.00786026200873362	0.0165938864628821	0.108296943231441	0.0174672489082969
TCGA-CD-A4MJ-01A	STAD	TCGA	MSI	NA	195	700	0.127142857142857	0.601428571428571	0.02	0.02	0.194285714285714	0.0371428571428571
TCGA-CG-4442-01A	STAD	TCGA	MSI	NA	455	1423	0.108222066057625	0.571328179901616	0.00913562895291637	0.022487702037948	0.264933239634575	0.0238931834153197
TCGA-VQ-A8PT-01A	STAD	TCGA	MSI	NA	432	1395	0.141935483870968	0.655197132616487	0.0100358422939068	0.0186379928315412	0.150537634408602	0.0236559139784946
TCGA-BR-8360-01A	STAD	TCGA	MSI	NA	251	969	0.121775025799794	0.666666666666667	0.0165118679050568	0.0237358101135191	0.135190918472652	0.0361197110423117
TCGA-BR-8372-01A	STAD	TCGA	MSI	NA	339	1399	0.108649035025018	0.46819156540386	0.0107219442458899	0.0293066476054325	0.348105789849893	0.0350250178699071
TCGA-D7-A4YY-01A	STAD	TCGA	MSI	NA	124	546	0.137362637362637	0.613553113553114	0.0256410256410256	0.0201465201465201	0.13003663003663	0.0732600732600733
TCGA-F1-6177-01A	STAD	TCGA	MSI	NA	421	1373	0.0895848506919155	0.734158776402039	0.0145666423889294	0.00946831755280408	0.132556445739257	0.0196649672250546
TCGA-F1-6874-01A	STAD	TCGA	MSI	NA	279	937	0.138740661686233	0.661686232657417	0.0149413020277481	0.0213447171824973	0.139807897545358	0.0234791889007471
TCGA-HU-A4GQ-01A	STAD	TCGA	MSI	NA	412	1982	0.0978809283551968	0.709384460141271	0.00807265388496468	0.0196770938446014	0.142280524722503	0.0227043390514632
TCGA-BR-4292-01A	STAD	TCGA	MSI	NA	394	1467	0.087252897068848	0.734832992501704	0.0122699386503067	0.0245398773006135	0.10838445807771	0.032719836400818
TCGA-CD-8536-01A	STAD	TCGA	MSI	NA	255	920	0.115217391304348	0.683695652173913	0.0152173913043478	0.0184782608695652	0.154347826086957	0.0130434782608696
TCGA-CG-5726-01A	STAD	TCGA	MSI	NA	474	1337	0.100972326103216	0.654450261780105	0.012715033657442	0.0396409872849663	0.164547494390426	0.0276738967838444
TCGA-BR-8078-01A	STAD	TCGA	MSI	NA	590	1546	0.10025873221216	0.640362225097025	0.0135834411384217	0.0200517464424321	0.192755498059508	0.0329883570504528
TCGA-BR-4363-01A	STAD	TCGA	MSI	NA	222	570	0.087719298245614	0.642105263157895	0.012280701754386	0.0228070175438597	0.189473684210526	0.0456140350877193
TCGA-VQ-A8E3-01A	STAD	TCGA	MSI	NA	187	767	0.108213820078227	0.589308996088657	0.0182529335071708	0.0247718383311604	0.229465449804433	0.029986962190352
TCGA-BR-8368-01A	STAD	TCGA	MSI	NA	307	1059	0.0906515580736544	0.713881019830028	0.0169971671388102	0.0169971671388102	0.136921624173749	0.0245514636449481
TCGA-VQ-A8PB-01A	STAD	TCGA	MSI	NA	237	828	0.0809178743961353	0.723429951690821	0.0108695652173913	0.0193236714975845	0.14975845410628	0.0157004830917874
TCGA-HU-A4H8-01A	STAD	TCGA	MSI	NA	292	1279	0.105551211884285	0.755277560594214	0.0156372165754496	0.0172009382329945	0.09147771696638	0.0148553557466771
TCGA-MX-A5UJ-01A	STAD	TCGA	MSI	NA	380	1478	0.084573748308525	0.731393775372124	0.0128552097428958	0.0115020297699594	0.135994587280108	0.023680649526387
TCGA-VQ-A8PO-01A	STAD	TCGA	MSI	NA	266	892	0.130044843049327	0.510089686098655	0.0134529147982063	0.0224215246636771	0.280269058295964	0.0437219730941704
TCGA-BR-4257-01A	STAD	TCGA	MSI	NA	266	1163	0.11006018916595	0.590713671539123	0.00945829750644884	0.0266552020636285	0.229578675838349	0.0335339638865004
TCGA-CG-4305-01A	STAD	TCGA	MSI	NA	325	1232	0.107954545454545	0.607142857142857	0.0178571428571429	0.023538961038961	0.200487012987013	0.0430194805194805
TCGA-CG-4306-01A	STAD	TCGA	MSI	NA	347	1109	0.0928764652840397	0.721370604147881	0.0126239855725879	0.0207394048692516	0.134355275022543	0.018034265103697
TCGA-VQ-A91D-01A	STAD	TCGA	MSI	NA	553	2546	0.091516103692066	0.66025137470542	0.0192458758837392	0.0384917517674784	0.158680282796544	0.0318146111547526
TCGA-VQ-AA6D-01A	STAD	TCGA	MSI	NA	103	875	0.106285714285714	0.552	0.0354285714285714	0.056	0.161142857142857	0.0891428571428571
TCGA-FP-A4BE-01A	STAD	TCGA	MSI	NA	356	1630	0.096319018404908	0.701226993865031	0.00429447852760736	0.0134969325153374	0.160736196319018	0.0239263803680982
TCGA-BR-8363-01A	STAD	TCGA	MSI	NA	320	1286	0.120528771384137	0.568429237947123	0.0124416796267496	0.0279937791601866	0.2099533437014	0.0606531881804044
TCGA-HU-A4G9-01A	STAD	TCGA	MSI	NA	225	834	0.0839328537170264	0.665467625899281	0.013189448441247	0.0155875299760192	0.193045563549161	0.0287769784172662
TCGA-HU-A4GT-01A	STAD	TCGA	MSI	NA	407	1579	0.118429385687144	0.554148195060165	0.0107663077897403	0.0189993666877771	0.257758074730842	0.0398986700443319
TCGA-BR-7851-01A	STAD	TCGA	MSI	NA	300	1506	0.101593625498008	0.707171314741036	0.00664010624169987	0.0199203187250996	0.148074369189907	0.0166002656042497
TCGA-BR-6802-01A	STAD	TCGA	MSI	NA	103	494	0.0991902834008097	0.65587044534413	0.0121457489878543	0.0323886639676113	0.163967611336032	0.0364372469635627
TCGA-F1-A448-01A	STAD	TCGA	MSI	NA	150	621	0.0966183574879227	0.655394524959742	0.00805152979066022	0.0225442834138486	0.181964573268921	0.035426731078905
TCGA-HU-A4GX-01A	STAD	TCGA	MSI	NA	316	1309	0.105423987776929	0.711229946524064	0.00611153552330023	0.014514896867838	0.143621084797555	0.0190985485103132
TCGA-SW-A7EA-01A	STAD	TCGA	MSI	NA	160	674	0.124629080118694	0.594955489614243	0.0222551928783383	0.0148367952522255	0.195845697329377	0.0474777448071217
TCGA-CG-5723-01A	STAD	TCGA	MSI	NA	523	1767	0.0814940577249576	0.647425014148274	0.0118845500848896	0.0220713073005093	0.196943972835314	0.0401810979060555
TCGA-R5-A7ZI-01A	STAD	TCGA	MSI	NA	186	912	0.104166666666667	0.633771929824561	0.018640350877193	0.0328947368421053	0.177631578947368	0.0328947368421053
TCGA-HU-A4G8-01A	STAD	TCGA	MSI	NA	384	1599	0.0787992495309568	0.681050656660413	0.0168855534709193	0.0168855534709193	0.185115697310819	0.0212632895559725
TCGA-B7-A5TI-01A	STAD	TCGA	MSI	NA	134	663	0.120663650075415	0.654600301659125	0.0316742081447964	0.028657616892911	0.138763197586727	0.0256410256410256
TCGA-CG-5733-01A	STAD	TCGA	MSI	NA	357	1117	0.113697403760072	0.646374216651746	0.00895255147717099	0.00984780662488809	0.188003581020591	0.0331244404655327
TCGA-BR-8059-01A	STAD	TCGA	MSI	NA	135	801	0.136079900124844	0.47565543071161	0.0961298377028714	0.0599250936329588	0.151061173533084	0.0811485642946317
TCGA-BR-4361-01A	STAD	TCGA	MSI	NA	521	2791	0.0576854174131136	0.478323181655321	0.0125403081332856	0.0372626298817628	0.393407380867073	0.0207810820494446
TCGA-B7-5816-01A	STAD	TCGA	MSI	NA	342	1312	0.128810975609756	0.545731707317073	0.0121951219512195	0.0213414634146341	0.246951219512195	0.0449695121951219
TCGA-B7-A5TJ-01A	STAD	TCGA	MSI	NA	22	290	0.1	0.617241379310345	0.0275862068965517	0.0448275862068966	0.1	0.110344827586207
TCGA-HF-7132-01A	STAD	TCGA	MSI	NA	278	1285	0.108949416342412	0.701167315175097	0.0132295719844358	0.0108949416342412	0.136964980544747	0.0287937743190661
TCGA-VQ-A91K-01A	STAD	TCGA	MSI	NA	350	1440	0.119444444444444	0.674305555555556	0.0277777777777778	0.03125	0.116666666666667	0.0305555555555556
TCGA-BR-4256-01A	STAD	TCGA	MSI	NA	242	1058	0.111531190926276	0.588846880907372	0.0170132325141777	0.0283553875236295	0.205103969754253	0.0491493383742911
TCGA-BR-8284-01A	STAD	TCGA	MSI	NA	43	370	0.143243243243243	0.672972972972973	0.0135135135135135	0.0216216216216216	0.124324324324324	0.0243243243243243
TCGA-BR-7703-01A	STAD	TCGA	MSI	NA	151	717	0.118549511854951	0.686192468619247	0.0167364016736402	0.0125523012552301	0.142259414225941	0.0237099023709902
TCGA-HJ-7597-01A	STAD	TCGA	MSI	NA	156	842	0.0831353919239905	0.703087885985748	0.00712589073634204	0.0190023752969121	0.171021377672209	0.0166270783847981
TCGA-BR-8361-01A	STAD	TCGA	MSI	NA	431	1696	0.0849056603773585	0.676297169811321	0.0212264150943396	0.0212264150943396	0.168632075471698	0.0277122641509434
TCGA-BR-6852-01A	STAD	TCGA	MSI	NA	250	1095	0.126027397260274	0.618264840182648	0.0127853881278539	0.0237442922374429	0.165296803652968	0.0538812785388128
TCGA-BR-8382-01A	STAD	TCGA	MSI	NA	232	1003	0.120638085742772	0.650049850448654	0.00897308075772682	0.0149551345962114	0.159521435692921	0.0458624127617149
TCGA-BR-4184-01A	STAD	TCGA	MSI	NA	472	3985	0.0557089084065245	0.823337515683814	0.00501882057716437	0.0135508155583438	0.0920953575909661	0.010288582183187
TCGA-HF-A5NB-01A	STAD	TCGA	MSI	NA	435	1467	0.0790729379686435	0.640081799591002	0.0115882753919564	0.021813224267212	0.209952283571915	0.0374914792092706
TCGA-DC-6154-01A	READ	TCGA	MSI	NA	1	127	0.259842519685039	0.582677165354331	0.0078740157480315	0.015748031496063	0.078740157480315	0.0551181102362205
TCGA-EI-6882-01A	READ	TCGA	MSI	NA	269	1550	0.0703225806451613	0.769032258064516	0.00838709677419355	0.0148387096774194	0.0948387096774193	0.0425806451612903
TCGA-EI-6507-01A	READ	TCGA	MSI	NA	320	1172	0.146757679180887	0.68259385665529	0.0145051194539249	0.0247440273037543	0.112627986348123	0.0187713310580205
TCGA-AG-3891-01A	READ	TCGA	MSI	NA	202	668	0.0718562874251497	0.383233532934132	0.0224550898203593	0.0583832335329341	0.399700598802395	0.0643712574850299
TCGA-AG-3906-01A	READ	TCGA	MSI	NA	102	672	0.113095238095238	0.297619047619048	0.0595238095238095	0.0669642857142857	0.404761904761905	0.0580357142857143
TCGA-D1-A2G6-01A	UCEC	TCGA	MSI	NA	9	124	0.0725806451612903	0.701612903225806	0.0483870967741935	0.0483870967741935	0.0725806451612903	0.0564516129032258
TCGA-AJ-A8CT-01A	UCEC	TCGA	MSI	NA	171	918	0.0413943355119826	0.892156862745098	0.0065359477124183	0.00217864923747277	0.0501089324618736	0.00762527233115468
TCGA-D1-A167-01A	UCEC	TCGA	MSI	NA	107	2269	0.0669898633759365	0.836491846628471	0.00705156456588806	0.0114587924195681	0.0722785368003526	0.00572939620978405
TCGA-B5-A0K9-01A	UCEC	TCGA	MSI	NA	262	905	0.119337016574586	0.656353591160221	0.0165745856353591	0.0243093922651934	0.155801104972376	0.0276243093922652
TCGA-AJ-A23O-01A	UCEC	TCGA	MSI	NA	287	1227	0.180929095354523	0.405867970660147	0.0220048899755501	0.0863895680521597	0.235533822330888	0.0692746536267319
TCGA-AP-A0LT-01A	UCEC	TCGA	MSI	NA	273	756	0.103174603174603	0.703703703703704	0.0185185185185185	0.0211640211640212	0.134920634920635	0.0185185185185185
TCGA-B5-A0JV-01A	UCEC	TCGA	MSI	NA	100	430	0.127906976744186	0.732558139534884	0.0162790697674419	0.0255813953488372	0.0906976744186047	0.00697674418604651
TCGA-AX-A05Y-01A	UCEC	TCGA	MSI	NA	42	235	0.0765957446808511	0.753191489361702	0.0212765957446809	0.0127659574468085	0.123404255319149	0.0127659574468085
TCGA-D1-A176-01A	UCEC	TCGA	MSI	NA	126	489	0.147239263803681	0.660531697341513	0.0184049079754601	0.0143149284253579	0.147239263803681	0.0122699386503067
TCGA-A5-A0GI-01A	UCEC	TCGA	MSI	NA	94	405	0.182716049382716	0.595061728395062	0.0271604938271605	0.0320987654320988	0.153086419753086	0.00987654320987654
TCGA-D1-A17B-01A	UCEC	TCGA	MSI	NA	57	326	0.128834355828221	0.680981595092024	0.0184049079754601	0.0276073619631902	0.113496932515337	0.0306748466257669
TCGA-AP-A0LD-01A	UCEC	TCGA	MSI	NA	191	580	0.141379310344828	0.553448275862069	0.0241379310344828	0.0379310344827586	0.224137931034483	0.0189655172413793
TCGA-A5-A0VQ-01A	UCEC	TCGA	MSI	NA	126	467	0.104925053533191	0.728051391862955	0.0149892933618844	0.0214132762312634	0.113490364025696	0.0171306209850107
TCGA-D1-A1NS-01A	UCEC	TCGA	MSI	NA	132	379	0.139841688654354	0.635883905013193	0.029023746701847	0.0316622691292876	0.129287598944591	0.0343007915567282
TCGA-D1-A17A-01A	UCEC	TCGA	MSI	NA	82	276	0.126811594202899	0.619565217391304	0.0289855072463768	0.0072463768115942	0.184782608695652	0.0326086956521739
TCGA-AP-A1E1-01A	UCEC	TCGA	MSI	NA	241	769	0.158647594278283	0.58777633289987	0.023407022106632	0.0364109232769831	0.163849154746424	0.0299089726918075
TCGA-BG-A221-01A	UCEC	TCGA	MSI	NA	371	1736	0.0668202764976959	0.610599078341014	0.0132488479262673	0.0178571428571429	0.264976958525346	0.0264976958525346
TCGA-BG-A0MQ-01A	UCEC	TCGA	MSI	NA	425	740	0.12972972972973	0.57027027027027	0.0256756756756757	0.0486486486486487	0.194594594594595	0.0310810810810811
TCGA-B5-A11G-01A	UCEC	TCGA	MSI	NA	210	626	0.0527156549520767	0.346645367412141	0.0271565495207668	0.0559105431309904	0.464856230031949	0.0527156549520767
TCGA-AP-A0LP-01A	UCEC	TCGA	MSI	NA	220	351	0.11965811965812	0.638176638176638	0.0455840455840456	0.0142450142450142	0.15954415954416	0.0227920227920228
TCGA-DI-A0WH-01A	UCEC	TCGA	MSI	NA	155	674	0.109792284866469	0.548961424332344	0.0222551928783383	0.0385756676557863	0.271513353115727	0.00890207715133531
TCGA-AX-A1C9-01A	UCEC	TCGA	MSI	NA	89	1451	0.0537560303239145	0.81461061337009	0.0062026188835286	0.0130944176430048	0.100620261888353	0.0117160578911096
TCGA-A5-A0G9-01A	UCEC	TCGA	MSI	NA	98	525	0.163809523809524	0.510476190476191	0.0228571428571429	0.0971428571428571	0.173333333333333	0.0323809523809524
TCGA-BS-A0UJ-01A	UCEC	TCGA	MSI	NA	1032	2410	0.124066390041494	0.132780082987552	0.00829875518672199	0.0676348547717842	0.552697095435685	0.114522821576763
TCGA-AJ-A3BG-01A	UCEC	TCGA	MSI	NA	523	1832	0.0693231441048035	0.819868995633188	0.00818777292576419	0.00982532751091703	0.0807860262008734	0.0120087336244541
TCGA-AX-A3G9-01A	UCEC	TCGA	MSI	NA	475	881	0.136208853575482	0.659477866061294	0.0192962542565267	0.0317820658342792	0.130533484676504	0.0227014755959137
TCGA-A5-A2K3-01A	UCEC	TCGA	MSI	NA	99	2128	0.0869360902255639	0.81015037593985	0.0075187969924812	0.0103383458646617	0.0770676691729323	0.00798872180451128
TCGA-D1-A2G0-01A	UCEC	TCGA	MSI	NA	522	1131	0.119363395225464	0.663129973474801	0.0238726790450928	0.0159151193633952	0.164456233421751	0.013262599469496
TCGA-D1-A16F-01A	UCEC	TCGA	MSI	NA	168	583	0.109777015437393	0.643224699828473	0.0222984562607204	0.0240137221269297	0.190394511149228	0.0102915951972556
TCGA-D1-A2G5-01A	UCEC	TCGA	MSI	NA	71	290	0.16551724137931	0.527586206896552	0.0241379310344828	0.0586206896551724	0.186206896551724	0.0379310344827586
TCGA-PG-A917-01A	UCEC	TCGA	MSI	NA	385	1032	0.176356589147287	0.554263565891473	0.0213178294573643	0.0726744186046512	0.143410852713178	0.0319767441860465
TCGA-D1-A17M-01A	UCEC	TCGA	MSI	NA	122	495	0.123232323232323	0.696969696969697	0.0222222222222222	0.0222222222222222	0.127272727272727	0.00808080808080808
TCGA-BG-A0LX-01A	UCEC	TCGA	MSI	NA	158	562	0.126334519572954	0.597864768683274	0.0195729537366548	0.0249110320284698	0.211743772241993	0.0195729537366548
TCGA-AJ-A8CV-01A	UCEC	TCGA	MSI	NA	126	287	0.0975609756097561	0.644599303135889	0.0348432055749129	0.0348432055749129	0.167247386759582	0.0209059233449477
TCGA-BS-A0UA-01A	UCEC	TCGA	MSI	NA	111	378	0.108465608465608	0.674603174603175	0.0238095238095238	0.0264550264550265	0.14021164021164	0.0264550264550265
TCGA-D1-A1NZ-01A	UCEC	TCGA	MSI	NA	385	1017	0.16125860373648	0.547689282202557	0.0275319567354966	0.0393313667649951	0.186823992133727	0.0373647984267453
TCGA-B5-A5OC-01A	UCEC	TCGA	MSI	NA	522	1427	0.170287316047652	0.594253679046952	0.0140154169586545	0.0336370007007709	0.165381920112123	0.0224246671338472
TCGA-BS-A0TE-01A	UCEC	TCGA	MSI	NA	68	397	0.163727959697733	0.556675062972292	0.035264483627204	0.0629722921914358	0.158690176322418	0.0226700251889169
TCGA-B5-A3FC-01A	UCEC	TCGA	MSI	NA	1124	20074	0.104264222377204	0.722974992527648	0.00533027797150543	0.0124041048121949	0.138935937032978	0.0160904652784697
TCGA-B5-A11H-01A	UCEC	TCGA	MSI	NA	412	1086	0.0957642725598527	0.652854511970534	0.0110497237569061	0.0276243093922652	0.195211786372007	0.0174953959484346
TCGA-AJ-A2QO-01A	UCEC	TCGA	MSI	NA	715	1460	0.135616438356164	0.641095890410959	0.023972602739726	0.0164383561643836	0.168493150684932	0.0143835616438356
TCGA-EY-A548-01A	UCEC	TCGA	MSI	NA	369	724	0.113259668508287	0.691988950276243	0.0220994475138122	0.0262430939226519	0.133977900552486	0.0124309392265193
TCGA-AX-A05S-01A	UCEC	TCGA	MSI	NA	179	602	0.079734219269103	0.714285714285714	0.0199335548172757	0.0398671096345515	0.131229235880399	0.0149501661129568
TCGA-BS-A0UL-01A	UCEC	TCGA	MSI	NA	87	475	0.0884210526315789	0.730526315789474	0.00842105263157895	0.0421052631578947	0.117894736842105	0.0126315789473684
TCGA-EO-A3AU-01A	UCEC	TCGA	MSI	NA	407	931	0.128893662728249	0.706766917293233	0.0193340494092374	0.0257787325456498	0.106337271750806	0.0128893662728249
TCGA-A5-A0GB-01A	UCEC	TCGA	MSI	NA	238	835	0.143712574850299	0.61437125748503	0.0251497005988024	0.0335329341317365	0.162874251497006	0.0203592814371257
TCGA-EY-A1H0-01A	UCEC	TCGA	MSI	NA	285	424	0.143867924528302	0.575471698113208	0.0235849056603774	0.044811320754717	0.188679245283019	0.0235849056603774
TCGA-B5-A11J-01A	UCEC	TCGA	MSI	NA	149	503	0.123260437375746	0.662027833001988	0.0218687872763419	0.0278330019880716	0.147117296222664	0.0178926441351889
TCGA-SJ-A6ZI-01A	UCEC	TCGA	MSI	NA	189	2310	0.105194805194805	0.732467532467532	0.00995670995670996	0.0177489177489178	0.118614718614719	0.016017316017316
TCGA-DF-A2KZ-01A	UCEC	TCGA	MSI	NA	345	835	0.143712574850299	0.650299401197605	0.0143712574850299	0.0227544910179641	0.144910179640719	0.0239520958083832
TCGA-D1-A174-01A	UCEC	TCGA	MSI	NA	299	905	0.111602209944751	0.738121546961326	0.0110497237569061	0.0132596685082873	0.113812154696133	0.0121546961325967
TCGA-B5-A0JR-01A	UCEC	TCGA	MSI	NA	183	787	0.155019059720457	0.526048284625159	0.0139771283354511	0.0343074968233799	0.236340533672173	0.0343074968233799
TCGA-PG-A6IB-01A	UCEC	TCGA	MSI	NA	201	577	0.145580589254766	0.64471403812825	0.0225303292894281	0.0277296360485269	0.138648180242634	0.0207972270363951
TCGA-BS-A0TJ-01A	UCEC	TCGA	MSI	NA	277	825	0.126060606060606	0.684848484848485	0.0133333333333333	0.016969696969697	0.139393939393939	0.0193939393939394
TCGA-AP-A054-01A	UCEC	TCGA	MSI	NA	287	1444	0.0609418282548476	0.24584487534626	0.00900277008310249	0.0706371191135734	0.560249307479224	0.0533240997229917
TCGA-BG-A2L7-01A	UCEC	TCGA	MSI	NA	413	752	0.11436170212766	0.69281914893617	0.0159574468085106	0.023936170212766	0.131648936170213	0.0212765957446809
TCGA-AP-A1DR-01A	UCEC	TCGA	MSI	NA	519	910	0.145054945054945	0.675824175824176	0.0142857142857143	0.0241758241758242	0.131868131868132	0.00879120879120879
TCGA-D1-A1O7-01A	UCEC	TCGA	MSI	NA	116	491	0.126272912423625	0.70061099796334	0.0305498981670061	0.0244399185336049	0.10183299389002	0.0162932790224033
TCGA-BG-A0VZ-01A	UCEC	TCGA	MSI	NA	119	379	0.129287598944591	0.638522427440633	0.0343007915567282	0.0211081794195251	0.145118733509235	0.0316622691292876
TCGA-SL-A6JA-01A	UCEC	TCGA	MSI	NA	460	976	0.118852459016393	0.679303278688525	0.0102459016393443	0.0358606557377049	0.136270491803279	0.0194672131147541
TCGA-AP-A1DO-01A	UCEC	TCGA	MSI	NA	389	750	0.0933333333333333	0.634666666666667	0.0266666666666667	0.06	0.161333333333333	0.024
TCGA-BG-A220-01A	UCEC	TCGA	MSI	NA	452	954	0.111111111111111	0.686582809224319	0.0178197064989518	0.0209643605870021	0.148846960167715	0.0146750524109015
TCGA-BG-A3EW-01A	UCEC	TCGA	MSI	NA	264	603	0.165837479270315	0.54228855721393	0.021558872305141	0.0381426202321725	0.197346600331675	0.0348258706467662
TCGA-BG-A0M4-01A	UCEC	TCGA	MSI	NA	150	722	0.0941828254847645	0.458448753462604	0.0124653739612188	0.0235457063711911	0.379501385041551	0.0318559556786704
TCGA-AP-A0LG-01A	UCEC	TCGA	MSI	NA	125	513	0.159844054580897	0.658869395711501	0.01364522417154	0.0233918128654971	0.124756335282651	0.0194931773879142
TCGA-BG-A18B-01A	UCEC	TCGA	MSI	NA	142	415	0.137349397590361	0.669879518072289	0.0216867469879518	0.00963855421686747	0.151807228915663	0.00963855421686747
TCGA-DI-A1BU-01A	UCEC	TCGA	MSI	NA	1294	12336	0.0428826199740597	0.309419584954604	0.0104571984435798	0.0494487678339818	0.576686121919585	0.0111057068741894
TCGA-AX-A3G8-01A	UCEC	TCGA	MSI	NA	480	1024	0.1162109375	0.716796875	0.015625	0.0126953125	0.126953125	0.01171875
TCGA-D1-A17H-01A	UCEC	TCGA	MSI	NA	229	762	0.131233595800525	0.648293963254593	0.0131233595800525	0.020997375328084	0.169291338582677	0.0170603674540682
TCGA-EY-A2OP-01A	UCEC	TCGA	MSI	NA	258	622	0.128617363344051	0.615755627009646	0.0160771704180064	0.0273311897106109	0.192926045016077	0.0192926045016077
TCGA-B5-A11U-01A	UCEC	TCGA	MSI	NA	143	422	0.109004739336493	0.677725118483412	0.018957345971564	0.018957345971564	0.156398104265403	0.018957345971564
TCGA-AX-A064-01A	UCEC	TCGA	MSI	NA	83	345	0.133333333333333	0.559420289855072	0.0231884057971014	0.0260869565217391	0.234782608695652	0.0231884057971014
TCGA-EO-A22S-01A	UCEC	TCGA	MSI	NA	486	827	0.105199516324063	0.64328899637243	0.0205562273276904	0.0157194679564692	0.197097944377267	0.0181378476420798
TCGA-FI-A2D0-01A	UCEC	TCGA	MSI	NA	453	11003	0.0451694992274834	0.805962010360811	0.00327183495410343	0.00781605016813596	0.107152594746887	0.0306280105425793
TCGA-AX-A2IN-01A	UCEC	TCGA	MSI	NA	253	716	0.135474860335196	0.610335195530726	0.0139664804469274	0.0307262569832402	0.181564245810056	0.0279329608938547
TCGA-BG-A0M0-01A	UCEC	TCGA	MSI	NA	45	173	0.127167630057803	0.653179190751445	0.0346820809248555	0.0520231213872832	0.109826589595376	0.023121387283237
TCGA-D1-A1NY-01A	UCEC	TCGA	MSI	NA	365	767	0.140808344198175	0.602346805736636	0.0234680573663625	0.0234680573663625	0.183833116036506	0.0260756192959583
TCGA-EO-A3AZ-01A	UCEC	TCGA	MSI	NA	439	1355	0.0634686346863469	0.792619926199262	0.011070110701107	0.014760147601476	0.104059040590406	0.0140221402214022
TCGA-BK-A0C9-01A	UCEC	TCGA	MSI	NA	94	822	0.114355231143552	0.5669099756691	0.0985401459854015	0.0389294403892944	0.16301703163017	0.0182481751824818
TCGA-E6-A2P9-01A	UCEC	TCGA	MSI	NA	504	1229	0.139137510170871	0.620016273393002	0.015459723352319	0.0398698128559805	0.153783563873068	0.03173311635476
TCGA-D1-A0ZS-01A	UCEC	TCGA	MSI	NA	168	453	0.114790286975717	0.662251655629139	0.022075055187638	0.022075055187638	0.15673289183223	0.022075055187638
TCGA-AX-A1C4-01A	UCEC	TCGA	MSI	NA	546	1130	0.128318584070796	0.63716814159292	0.0221238938053097	0.0212389380530973	0.176106194690265	0.0150442477876106
TCGA-EC-A24G-01A	UCEC	TCGA	MSI	NA	121	1804	0.0787139689578714	0.75	0.00942350332594235	0.016629711751663	0.128048780487805	0.0171840354767184
TCGA-BS-A0VI-01A	UCEC	TCGA	MSI	NA	159	411	0.182481751824818	0.574209245742092	0.0267639902676399	0.0170316301703163	0.184914841849148	0.0145985401459854
TCGA-EY-A1GO-01A	UCEC	TCGA	MSI	NA	111	433	0.115473441108545	0.678983833718245	0.0300230946882217	0.0184757505773672	0.143187066974596	0.0138568129330254
TCGA-AJ-A3BH-01A	UCEC	TCGA	MSI	NA	761	4171	0.1222728362503	0.776072884200432	0.00647326780148645	0.00815152241668665	0.0781587149364661	0.00887077439462959
TCGA-EY-A1GF-01A	UCEC	TCGA	MSI	NA	225	507	0.169625246548323	0.55818540433925	0.0216962524654832	0.0512820512820513	0.185404339250493	0.0138067061143984
TCGA-A5-A7WJ-01A	UCEC	TCGA	MSI	NA	368	682	0.152492668621701	0.570381231671554	0.0219941348973607	0.0351906158357771	0.18475073313783	0.0351906158357771
TCGA-BG-A0VW-01A	UCEC	TCGA	MSI	NA	125	565	0.129203539823009	0.661946902654867	0.0300884955752212	0.0141592920353982	0.134513274336283	0.0300884955752212
TCGA-AP-A1DM-01A	UCEC	TCGA	MSI	NA	217	478	0.156903765690377	0.608786610878661	0.0251046025104603	0.0271966527196653	0.150627615062762	0.0313807531380753
TCGA-AP-A1DP-01A	UCEC	TCGA	MSI	NA	294	587	0.117546848381601	0.621805792163543	0.0272572402044293	0.0391822827938671	0.165247018739353	0.0289608177172061
TCGA-D1-A17U-01A	UCEC	TCGA	MSI	NA	154	454	0.118942731277533	0.654185022026432	0.0220264317180617	0.0176211453744493	0.167400881057269	0.0198237885462555
TCGA-D1-A177-01A	UCEC	TCGA	MSI	NA	310	842	0.116389548693587	0.644893111638955	0.0201900237529691	0.0154394299287411	0.187648456057007	0.0154394299287411
TCGA-A5-A0GW-01A	UCEC	TCGA	MSI	NA	147	405	0.103703703703704	0.624691358024691	0.0197530864197531	0.0296296296296296	0.202469135802469	0.0197530864197531
TCGA-D1-A163-01A	UCEC	TCGA	MSI	NA	236	640	0.1234375	0.6234375	0.0234375	0.009375	0.2078125	0.0125
TCGA-AP-A0LS-01A	UCEC	TCGA	MSI	NA	274	557	0.161579892280072	0.547576301615799	0.0215439856373429	0.0179533213644524	0.215439856373429	0.0359066427289048
TCGA-D1-A16N-01A	UCEC	TCGA	MSI	NA	31	164	0.128048780487805	0.402439024390244	0.103658536585366	0.0792682926829268	0.23780487804878	0.0487804878048781
TCGA-A5-A0GH-01A	UCEC	TCGA	MSI	NA	194	516	0.127906976744186	0.637596899224806	0.0213178294573643	0.0174418604651163	0.174418604651163	0.0213178294573643
TCGA-D1-A0ZO-01A	UCEC	TCGA	MSI	NA	226	665	0.114285714285714	0.651127819548872	0.0240601503759399	0.0406015037593985	0.150375939849624	0.0195488721804511
TCGA-FI-A2D4-01A	UCEC	TCGA	MSI	NA	244	457	0.115973741794311	0.634573304157549	0.0306345733041575	0.037199124726477	0.166301969365427	0.0153172866520788
TCGA-AX-A1C5-01A	UCEC	TCGA	MSI	NA	190	1244	0.0852090032154341	0.746784565916399	0.00723472668810289	0.0144694533762058	0.131832797427653	0.0144694533762058
TCGA-QS-A5YR-01A	UCEC	TCGA	MSI	NA	146	335	0.125373134328358	0.692537313432836	0.017910447761194	0.0119402985074627	0.137313432835821	0.0149253731343284
TCGA-EY-A1GQ-01A	UCEC	TCGA	MSI	NA	233	630	0.101587301587302	0.544444444444444	0.0206349206349206	0.0349206349206349	0.273015873015873	0.0253968253968254
TCGA-BS-A0UM-01A	UCEC	TCGA	MSI	NA	123	568	0.142605633802817	0.625	0.0246478873239437	0.0352112676056338	0.144366197183099	0.028169014084507
TCGA-AJ-A8CW-01A	UCEC	TCGA	MSI	NA	399	871	0.120551090700344	0.669345579793341	0.0149253731343284	0.0275545350172216	0.151549942594719	0.0160734787600459
TCGA-B5-A1MW-01A	UCEC	TCGA	MSI	NA	246	808	0.077970297029703	0.243811881188119	0.0160891089108911	0.0631188118811881	0.542079207920792	0.0569306930693069
TCGA-EY-A1GK-01A	UCEC	TCGA	MSI	NA	530	1127	0.130434782608696	0.544809228039042	0.0292812777284827	0.0212954747116238	0.237799467613132	0.036379769299024
TCGA-AX-A0J1-01A	UCEC	TCGA	MSI	NA	419	7762	0.101391393970626	0.818603452718372	0.00463797990208709	0.00850296315382633	0.0601649059520742	0.00669930430301469
TCGA-A5-A0VP-01A	UCEC	TCGA	MSI	NA	55	2222	0.0553555355535554	0.796579657965797	0.0144014401440144	0.0126012601260126	0.111611161116112	0.00945094509450945
TCGA-BS-A0V4-01A	UCEC	TCGA	MSI	NA	192	425	0.155294117647059	0.644705882352941	0.0211764705882353	0.0258823529411765	0.141176470588235	0.0117647058823529
TCGA-D1-A17R-01A	UCEC	TCGA	MSI	NA	57	301	0.0963455149501661	0.661129568106312	0.0199335548172757	0.026578073089701	0.179401993355482	0.0166112956810631
TCGA-A5-A0GA-01A	UCEC	TCGA	MSI	NA	113	376	0.178191489361702	0.569148936170213	0.0186170212765957	0.0452127659574468	0.167553191489362	0.0212765957446809
TCGA-D1-A17D-01A	UCEC	TCGA	MSI	NA	125	584	0.166095890410959	0.655821917808219	0.035958904109589	0.023972602739726	0.107876712328767	0.0102739726027397
TCGA-BS-A0TA-01A	UCEC	TCGA	MSI	NA	158	559	0.146690518783542	0.561717352415027	0.0161001788908766	0.0125223613595707	0.227191413237925	0.035778175313059
TCGA-AX-A063-01A	UCEC	TCGA	MSI	NA	215	1291	0.127807900852053	0.415182029434547	0.0139426800929512	0.0495739736638265	0.360960495739737	0.0325329202168861
TCGA-EY-A2OM-01A	UCEC	TCGA	MSI	NA	430	815	0.153374233128834	0.614723926380368	0.0171779141104294	0.0306748466257669	0.159509202453988	0.0245398773006135
TCGA-BS-A0U8-01A	UCEC	TCGA	MSI	NA	169	485	0.0969072164948454	0.684536082474227	0.0144329896907217	0.0329896907216495	0.154639175257732	0.0164948453608247
TCGA-E6-A2P8-01A	UCEC	TCGA	MSI	NA	363	740	0.0972972972972973	0.594594594594595	0.0189189189189189	0.0432432432432432	0.222972972972973	0.022972972972973
TCGA-B5-A0K6-01A	UCEC	TCGA	MSI	NA	93	464	0.168103448275862	0.622844827586207	0.0193965517241379	0.0323275862068966	0.144396551724138	0.0129310344827586
TCGA-B5-A0JU-01B	UCEC	TCGA	MSI	NA	309	602	0.13953488372093	0.659468438538206	0.0182724252491694	0.0365448504983389	0.131229235880399	0.0149501661129568
TCGA-EC-A1NJ-01A	UCEC	TCGA	MSI	NA	103	393	0.0508905852417303	0.236641221374046	0.0229007633587786	0.0865139949109415	0.521628498727735	0.0814249363867685
TCGA-AX-A3FS-01A	UCEC	TCGA	MSI	NA	504	975	0.118974358974359	0.637948717948718	0.0235897435897436	0.0112820512820513	0.188717948717949	0.0194871794871795
TCGA-EY-A549-01A	UCEC	TCGA	MSI	NA	339	1899	0.023696682464455	0.93522906793049	0.00315955766192733	0.00631911532385466	0.028436018957346	0.00315955766192733
TCGA-D1-A17F-01A	UCEC	TCGA	MSI	NA	30	310	0.0290322580645161	0.803225806451613	0.0225806451612903	0.00967741935483871	0.119354838709677	0.0161290322580645
TCGA-AP-A0LE-01A	UCEC	TCGA	MSI	NA	215	600	0.135	0.601666666666667	0.0166666666666667	0.0266666666666667	0.201666666666667	0.0183333333333333
TCGA-D1-A101-01A	UCEC	TCGA	MSI	NA	136	599	0.143572621035058	0.649415692821369	0.0267111853088481	0.0217028380634391	0.146911519198664	0.011686143572621
TCGA-BG-A222-01A	UCEC	TCGA	MSI	NA	903	6866	0.0498106612292456	0.525487911447713	0.00844742207981357	0.0658316341392368	0.343431401106904	0.0069909699970871
TCGA-AX-A2HJ-01A	UCEC	TCGA	MSI	NA	660	2268	0.0784832451499118	0.381834215167549	0.0149911816578483	0.0321869488536155	0.475308641975309	0.0171957671957672
TCGA-B5-A0JZ-01A	UCEC	TCGA	MSI	NA	232	581	0.129087779690189	0.664371772805508	0.0223752151462995	0.036144578313253	0.135972461273666	0.0120481927710843
TCGA-FI-A2D6-01A	UCEC	TCGA	MSI	NA	443	822	0.126520681265207	0.59367396593674	0.024330900243309	0.0267639902676399	0.211678832116788	0.0170316301703163
TCGA-AJ-A3OJ-01A	UCEC	TCGA	MSI	NA	474	1123	0.107747105966162	0.732858414959929	0.0106856634016028	0.00890471950133571	0.126447016918967	0.0133570792520036
TCGA-AJ-A3OL-01A	UCEC	TCGA	MSI	NA	225	372	0.0779569892473118	0.685483870967742	0.0241935483870968	0.0188172043010753	0.153225806451613	0.0403225806451613
TCGA-D1-A160-01A	UCEC	TCGA	MSI	NA	156	605	0.120661157024793	0.568595041322314	0.0165289256198347	0.0297520661157025	0.223140495867769	0.0413223140495868
TCGA-BK-A13B-01A	UCEC	TCGA	MSI	NA	392	871	0.148105625717566	0.590126291618829	0.0160734787600459	0.0309988518943743	0.190585533869116	0.0241102181400689
TCGA-AX-A06H-01A	UCEC	TCGA	MSI	NA	178	471	0.0955414012738854	0.687898089171974	0.0339702760084926	0.0212314225053079	0.144373673036093	0.0169851380042463
TCGA-A5-A2K7-01A	UCEC	TCGA	MSI	NA	337	860	0.115116279069767	0.711627906976744	0.013953488372093	0.0197674418604651	0.127906976744186	0.0116279069767442
TCGA-AA-3966-01A	COAD	TCGA	MSI	NA	319	902	0.174057649667406	0.41019955654102	0.0199556541019956	0.0487804878048781	0.248337028824834	0.098669623059867
TCGA-AD-6895-01A	COAD	TCGA	MSI	NA	346	2145	0.0764568764568765	0.657342657342657	0.027039627039627	0.1002331002331	0.116550116550117	0.0223776223776224
TCGA-AM-5821-01A	COAD	TCGA	MSI	NA	382	1508	0.142572944297082	0.579575596816976	0.0119363395225464	0.0318302387267905	0.176392572944297	0.0576923076923077
TCGA-AA-3821-01A	COAD	TCGA	MSI	NA	314	1036	0.131274131274131	0.663127413127413	0.0328185328185328	0.0395752895752896	0.108108108108108	0.0250965250965251
TCGA-AD-6964-01A	COAD	TCGA	MSI	NA	358	1970	0.0979695431472081	0.573604060913706	0.00964467005076142	0.0568527918781726	0.246192893401015	0.0157360406091371
TCGA-CK-6747-01A	COAD	TCGA	MSI	NA	37	171	0.111111111111111	0.742690058479532	0.0292397660818713	0.0233918128654971	0.0701754385964912	0.0233918128654971
TCGA-G4-6320-01A	COAD	TCGA	MSI	NA	225	1376	0.151889534883721	0.73328488372093	0.0130813953488372	0.0167151162790698	0.0755813953488372	0.00944767441860465
TCGA-CK-4951-01A	COAD	TCGA	MSI	NA	364	5788	0.0621976503109882	0.675708362128542	0.0399101589495508	0.105908776779544	0.104353835521769	0.0119212163096061
TCGA-AA-A01P-01A	COAD	TCGA	MSI	NA	261	1043	0.111217641418984	0.661553211888782	0.012464046021093	0.0220517737296261	0.162991371045062	0.0297219558964525
TCGA-DM-A1HB-01A	COAD	TCGA	MSI	NA	335	1407	0.140724946695096	0.514570007107321	0.0135039090262971	0.0262970859985785	0.259417199715707	0.0454868514570007
TCGA-G4-6304-01A	COAD	TCGA	MSI	NA	279	1294	0.119010819165379	0.639103554868624	0.0146831530139104	0.0324574961360124	0.171561051004637	0.0231839258114374
TCGA-AZ-4313-01A	COAD	TCGA	MSI	NA	202	573	0.108202443280977	0.753926701570681	0.0104712041884817	0.0174520069808028	0.0855148342059337	0.0244328097731239
TCGA-CM-4746-01A	COAD	TCGA	MSI	NA	230	967	0.100310237849018	0.78593588417787	0.0113753877973113	0.0113753877973113	0.0754912099276112	0.015511892450879
TCGA-F4-6703-01A	COAD	TCGA	MSI	NA	145	654	0.123853211009174	0.568807339449541	0.0336391437308868	0.0336391437308868	0.195718654434251	0.0443425076452599
TCGA-CM-6674-01A	COAD	TCGA	MSI	NA	299	1071	0.0709617180205415	0.739495798319328	0.0102707749766573	0.0168067226890756	0.146591970121382	0.0158730158730159
TCGA-D5-6540-01A	COAD	TCGA	MSI	NA	435	1477	0.156398104265403	0.68855788761002	0.011509817197021	0.022342586323629	0.0853080568720379	0.035883547731889
TCGA-A6-5665-01A	COAD	TCGA	MSI	NA	709	2104	0.124049429657795	0.561311787072243	0.00998098859315589	0.0256653992395437	0.243821292775665	0.035171102661597
TCGA-D5-6530-01A	COAD	TCGA	MSI	NA	444	1197	0.101921470342523	0.700083542188805	0.0133667502088555	0.0258980785296575	0.139515455304929	0.0192147034252297
TCGA-F4-6856-01A	COAD	TCGA	MSI	NA	317	1201	0.0782681099084097	0.736053288925895	0.0124895920066611	0.0299750208159867	0.122398001665279	0.0208159866777685
TCGA-AA-3877-01A	COAD	TCGA	MSI	NA	294	1380	0.0985507246376812	0.692028985507246	0.0173913043478261	0.0253623188405797	0.13768115942029	0.0289855072463768
TCGA-AA-3949-01A	COAD	TCGA	MSI	NA	264	1585	0.13186119873817	0.625867507886435	0.0195583596214511	0.0296529968454259	0.154574132492114	0.0384858044164038
TCGA-AA-3492-01A	COAD	TCGA	MSI	NA	578	2619	0.114165712103856	0.633829705994654	0.0156548300878198	0.0301641848033601	0.179075983199695	0.0271095838106147
TCGA-CM-6162-01A	COAD	TCGA	MSI	NA	228	1309	0.0496562261268144	0.869365928189458	0.0053475935828877	0.00916730328495034	0.0580595874713522	0.00840336134453781
TCGA-AY-6197-01A	COAD	TCGA	MSI	NA	350	1350	0.122222222222222	0.5	0.0125925925925926	0.0266666666666667	0.314074074074074	0.0244444444444444
TCGA-AA-3713-01A	COAD	TCGA	MSI	NA	399	1204	0.125415282392027	0.676079734219269	0.0149501661129568	0.0282392026578073	0.12375415282392	0.0315614617940199
TCGA-CK-6746-01A	COAD	TCGA	MSI	NA	424	1359	0.135393671817513	0.579102281089036	0.0169242089771891	0.0213392200147167	0.211920529801325	0.0353200883002208
TCGA-CM-6171-01A	COAD	TCGA	MSI	NA	377	1397	0.108088761632069	0.687186828919112	0.0186113099498926	0.0143163922691482	0.143879742304939	0.0279169649248389
TCGA-AA-3864-01A	COAD	TCGA	MSI	NA	167	3296	0.0867718446601942	0.786711165048544	0.0066747572815534	0.0121359223300971	0.089502427184466	0.0182038834951456
TCGA-AA-A01R-01A	COAD	TCGA	MSI	NA	116	2406	0.0876974231088944	0.750623441396509	0.00748129675810474	0.0187032418952618	0.114297589359934	0.0211970074812968
TCGA-AA-3833-01A	COAD	TCGA	MSI	NA	181	421	0.175771971496437	0.574821852731591	0.0166270783847981	0.0285035629453682	0.159144893111639	0.0451306413301663
TCGA-CK-5916-01A	COAD	TCGA	MSI	NA	525	1722	0.102787456445993	0.668408826945412	0.0127758420441347	0.0203252032520325	0.181184668989547	0.0145180023228804
TCGA-AA-3950-01A	COAD	TCGA	MSI	NA	294	1054	0.190702087286528	0.471537001897533	0.0208728652751423	0.0256166982922201	0.240986717267552	0.0502846299810247
TCGA-AZ-6598-01A	COAD	TCGA	MSI	NA	892	2722	0.119030124908156	0.680382072005878	0.0102865540044085	0.0264511388684791	0.142909625275533	0.0209404849375459
TCGA-AA-3715-01A	COAD	TCGA	MSI	NA	637	2597	0.12013862148633	0.522911051212938	0.0169426261070466	0.0608394301116673	0.23257604928764	0.0465922217943781
TCGA-A6-6781-01A	COAD	TCGA	MSI	NA	646	2448	0.0727124183006536	0.814542483660131	0.00776143790849673	0.0102124183006536	0.0857843137254902	0.00898692810457516
TCGA-G4-6586-01A	COAD	TCGA	MSI	NA	383	1363	0.119589141599413	0.633162142333089	0.0132061628760088	0.0168745414526779	0.181951577402788	0.0352164343360235
TCGA-QG-A5Z2-01A	COAD	TCGA	MSI	NA	302	1252	0.119808306709265	0.670926517571885	0.0175718849840256	0.0223642172523962	0.130191693290735	0.0391373801916933
TCGA-AU-6004-01A	COAD	TCGA	MSI	NA	374	1172	0.104095563139932	0.675767918088737	0.0110921501706485	0.0136518771331058	0.171501706484642	0.0238907849829352
TCGA-AA-A022-01A	COAD	TCGA	MSI	NA	472	1804	0.106984478935698	0.717294900221729	0.0105321507760532	0.0188470066518847	0.129157427937916	0.0171840354767184
TCGA-AA-3811-01A	COAD	TCGA	MSI	NA	343	1486	0.111709286675639	0.404441453566622	0.0181695827725437	0.0800807537012113	0.343203230148048	0.0423956931359354
TCGA-A6-6653-01A	COAD	TCGA	MSI	NA	377	1357	0.103905674281503	0.71997052321297	0.00884303610906411	0.0154753131908622	0.127487103905674	0.0243183492999263
TCGA-AA-A02R-01A	COAD	TCGA	MSI	NA	447	1398	0.150929899856938	0.520743919885551	0.0221745350500715	0.0529327610872675	0.201001430615165	0.0522174535050072
TCGA-D5-6927-01A	COAD	TCGA	MSI	NA	247	836	0.130382775119617	0.557416267942584	0.00837320574162679	0.0239234449760766	0.258373205741627	0.0215311004784689
TCGA-F4-6570-01A	COAD	TCGA	MSI	NA	482	1972	0.135902636916836	0.638438133874239	0.0141987829614604	0.0344827586206897	0.139452332657201	0.037525354969574
TCGA-CK-5913-01A	COAD	TCGA	MSI	NA	299	1015	0.141871921182266	0.600985221674877	0.0118226600985222	0.032512315270936	0.196059113300493	0.0167487684729064
TCGA-A6-2672-01B	COAD	TCGA	MSI	NA	238	1130	0.151327433628319	0.465486725663717	0.00973451327433628	0.0274336283185841	0.288495575221239	0.0575221238938053
TCGA-G4-6588-01A	COAD	TCGA	MSI	NA	620	2548	0.129905808477237	0.586734693877551	0.0129513343799058	0.0313971742543171	0.215070643642072	0.0239403453689168
